2020-05-10 18:05:25.085095

AXP : 295 : 0.3030744119297479 
CSCO : 73 : 0.5884607417925968 
UNH : 487 : 0.5884910309583061 
GOOG : 2297 : 0.6042640783754007 
ORCL : 82 : 0.6484630762623295 
AMZN : 3520 : 0.6759730020670334 
INTC : 86 : 0.6875397723211767 
FB : 256 : 0.8281673819661945 
NOC : 390 : 0.8384471037451146 
LMT : 451 : 0.8384799633162 
EA : 137 : 0.8497947108965647 
BABA : 234 : 0.858990075873634 
ROST : 102 : 0.8881190535060813 
AAPL : 322 : 0.9615185420170534 
V : 190 : 0.9730283646997498 
CRM : 179 : 0.9814844405506418 
JNJ : 150 : 0.9887445336942395 
REGN : 427 : 1.3186501443053438 
KO : 30 : 1.5033925232504723 
ILMN : 166 : 1.8646682294221708 
ISRG : 216 : 2.4862286853959574 
IDXX : 89 : 3.206219495400918 
